1425141611.507
1425141612.029
1425141615.196
1425141631.072
1425141660.952
1425141732.885
1425141839.418
1425142034.598
1425142281.710
1425142694.699
1425143179.744
1425143180.031
1425143186.234
1425143194.312
1425143210.093
1425143246.624
1425143301.025
1425143400.560
1425143534.189
1425143744.700
1425143993.225
1425143993.428
1425143997.606
1425144003.165
1425144014.039
1425144039.064
1425144076.183
1425144144.603
1425144243.818
1425144388.003
1425144557.703
1425144557.875
1425144558.775
1425144563.156
1425144571.611
1425144591.166
1425144620.446
1425144673.547
1425144751.660
1425144864.279
1425144997.026
